secur			3	10	31	53	67	95	105	112	241	242	284	507	519	529	536	635	642	644	646	649	656	662	670	684	687	702	707	712	716	717	724	733	735	737	741	744	745	752	753	754	755	767	769	770	773	789	794	814	818	819	831	853	854	859	884	894	895	902	921	925	928	946	947	948	962	968	978	986	990	991	1021	1038	1057	1117	1139	1140	1181	1187	1195	1203	1353	1399	1405	1412	1432	1453	1472	1481	1510	1526	1539	1567	1575	1706	1707	1953	1965	1975	1981	2035	2064	2124	2246	2296	2297	2316	2344	2345	2346	2347	2445	2467	2490	2503	2530	2539	2671	2672	2910	2921	2931	2938	3061	3108	3109	3113		
steadi			3	1140	1472	2246	3935	4253	4260	4395	4479	4504	4514	4563	4622	4762	5088	5373	6134	6435	7671	8167	8639	8890	9030	9846	9850	9851	10242	10255	11166	11169	11381	11762	12406	12409	12554	12602	12926	13584	14127	14247	14251	14430	14683	15654	17458	17982	18259	18483	18545	18546	18832	19210	19211	19213	19214	19276	19491	19512	19539	19540	19890	20355	20356	20357	20359	21072	21175	22528	23171	23491	24296	24834	25019	25718	26342	26472	27325	27326	27357	28789	32749	33272	33277	33616	33749	33768	33788	36872	37396	43504	43832	46160	49134	49516	49524	50998	51037	51135	51267	52139	52317	52352	52434	52524	52625	52738	53380	53500	53847	54110	54642	54786	54836	55780	56055	56253	56335	56358	56639	56640	56793	57093	57408	57478	57632	57639
on			3	4	26	53	76	101	145	161	171	281	286	308	310	312	343	374	380	399	529	635	639	646	658	669	670	707	710	727	740	749	752	753	754	757	771	782	794	808	810	817	827	828	838	840	842	853	854	859	870	875	884	902	911	919	921	946	968	991	1021	1044	1101	1119	1124	1130	1140	1187	1279	1291	1298	1331	1332	1333	1350	1356	1360	1367	1407	1412	1433	1465	1472	1473	1480	1484	1501	1507	1512	1526	1548	1629	1640	1759	1760	1762	1823	1828	1845	1975	2058	2118	2145	2168	2190	2196	2204	2219	2224	2296	2297	2320	2332	2348	2373	2374	2376	2377	2379	2461	2488	2490	2499	2512	2521	2532	2543	2555
marketbuzz			3	1140	1472	279704	279821	279863	281270	281369	281412	281631	281687
9512			3	1140	1472	165888	279704	279821	279863	281270	281369	281412	281631	281687
mime			3	4	5	6	7	8	9	10	11	12	13	14	15	16	17	18	19	20	21	22	23	24	25	26	27	28	29	30	31	32	33	34	35	36	37	38	39	40	41	42	43	44	45	46	47	48	49	50	51	52	53	54	55	56	57	58	59	60	61	62	63	64	65	66	67	68	69	70	71	72	73	74	75	76	77	78	79	80	81	82	83	84	85	86	87	88	89	90	91	92	93	94	95	96	97	98	99	100	101	102	103	104	105	106	107	108	109	110	111	112	113	114	115	116	117	118	119	120	121	122	123	124	125	126	127	128
american			3	101	236	529	563	628	635	639	649	656	658	664	669	699	735	753	757	771	772	784	788	790	794	795	827	871	875	890	919	984	1064	1124	1140	1141	1163	1187	1465	1472	1480	1703	1975	2008	2017	2128	2134	2246	2436	2668	2931	2964	3043	3143	3166	3208	3436	3495	3631	3652	3659	3771	3919	4021	4159	4175	4184	4232	4253	4260	4264	4267	4271	4275	4299	4315	4333	4343	4347	4374	4388	4408	4434	4440	4446	4468	4479	4506	4514	4521	4535	4545	4546	4550	4558	4560	4561	4563	4571	4588	4589	4590	4594	4596	4603	4608	4620	4622	4637	4641	4648	4649	4673	4676	4692	4713	4717	4748	4753	4757	4758	4762	4763	4767	4769	4803	4816	4840
underli			3	218	219	940	959	1140	1149	1150	1472	1686	1688	2098	2315	2650	2651	3340	3599	4506	4531	4546	4550	4561	4596	4609	4620	4622	4763	4816	4913	5299	5373	5390	5593	5847	6897	6976	7130	7384	8167	8168	8653	8812	8968	9018	9184	9304	11109	12465	14196	19007	20773	20872	21049	21056	21060	21092	21113	21509	21579	21588	21868	21987	22238	22454	23051	23052	23153	23240	23367	23389	23411	23539	23540	23672	23732	23733	23734	24298	24454	24686	24690	24747	25095	25118	25123	25289	25379	25685	25790	25791	26125	26127	26465	26520	26596	26598	26609	26779	26992	27233	27234	27247	27260	27431	27492	27548	27550	27572	27665	27666	27711	28093	28513	28706	28795	28873	28921	28926	28947	29008	29048	29251	29293	29294	29458	29499
analysi			3	18	19	32	41	48	79	85	284	474	507	529	619	659	664	681	682	683	684	687	702	704	717	724	744	749	769	770	773	820	846	854	857	921	929	939	966	978	1001	1026	1030	1037	1051	1052	1068	1125	1140	1187	1203	1226	1353	1431	1432	1436	1460	1472	1478	1510	1557	1921	1929	1953	1975	2044	2046	2065	2075	2081	2097	2180	2217	2246	2254	2258	2283	2361	2424	2452	2453	2468	2478	2484	2520	2878	2910	2931	3023	3063	3068	3073	3103	3115	3119	3120	3126	3132	3143	3151	3193	3205	3226	3350	3364	3372	3382	3403	3490	3553	3584	3599	3629	3643	3645	3659	3664	3706	3727	3754	3843	3884	3885	3891	3901	3943	4123	4129
welcom			3	4	285	286	331	394	651	740	787	818	820	821	864	869	889	911	971	1130	1137	1140	1350	1351	1412	1472	1473	1503	1511	1512	2111	2166	2167	3123	3229	3244	3319	3330	3658	3738	3845	4104	4105	4134	4135	4153	4174	4188	4214	4225	4271	4288	4296	4318	4326	4329	4333	4421	4430	4468	4483	4507	4514	4521	4550	4583	4585	4622	4627	4631	4636	4701	4706	4711	4717	4721	4734	4735	4738	4749	4751	4762	4776	4814	4816	4822	4832	4937	5194	5287	5299	5327	5353	5375	5390	5432	5439	5477	5510	5983	6601	6686	6833	7057	7059	7061	7502	8013	8014	8040	8042	8044	8054	8066	8078	8084	8085	8088	8107	8110	8114	8116	8130	8144	8155	8157	8173	8174
2001			3	4	8	75	112	200	281	282	283	284	285	286	288	289	290	291	292	293	294	295	296	297	299	300	301	302	303	304	305	306	307	308	310	311	312	313	314	315	316	317	318	319	321	322	323	324	325	326	327	328	329	330	333	334	335	336	337	338	339	340	341	342	343	344	345	346	347	348	349	350	351	352	353	355	356	357	358	359	360	361	362	363	364	366	367	368	369	370	371	372	373	374	375	377	378	379	380	381	382	383	384	385	386	388	389	390	391	392	393	394	395	396	397	399	400	401	402	403	404	405	406	407	408	410	411	412
stephen			3	97	99	200	223	233	284	351	364	414	513	529	537	602	606	649	650	651	660	663	683	687	689	702	707	737	745	769	773	804	818	830	884	978	1075	1112	1114	1140	1148	1180	1187	1199	1266	1305	1313	1353	1403	1404	1431	1434	1438	1442	1472	1488	1491	1510	1569	1690	1800	1807	1813	1840	1861	1957	1975	1982	2168	2318	2533	2655	2758	2771	2818	2915	2931	2939	3011	3014	3064	3109	3122	3131	3138	3139	3274	3311	3494	3503	3517	3525	3535	3536	3580	3658	3691	3738	3771	3781	3805	3839	3845	3867	3868	3923	3927	3974	3989	4011	4022	4055	4087	4093	4094	4095	4096	4097	4100	4101	4102	4104	4105	4106	4108	4128	4142	4143
asp			3	46	104	105	145	155	167	230	266	279	282	298	395	442	571	596	604	634	652	675	708	709	711	713	720	734	746	761	762	764	779	782	786	791	796	823	836	845	847	851	858	861	862	865	872	879	881	886	892	894	895	920	922	926	936	944	947	949	955	962	967	975	985	986	987	992	993	1078	1104	1105	1109	1116	1119	1128	1132	1135	1140	1144	1281	1355	1370	1399	1400	1411	1416	1435	1437	1441	1462	1472	1475	1484	1486	1495	1498	1508	1514	1518	1574	1575	1624	1698	1737	1774	1842	2015	2157	2182	2239	2260	2261	2287	2292	2421	2538	2539	2589	2662	2702	2799	2972	3008	3061	3104	3151	3156
chat			3	101	281	484	633	740	859	963	1124	1140	1218	1356	1472	1480	1507	1930	2887	3268	3276	3282	3379	3387	3437	3689	4207	4407	4483	4532	4593	4601	4609	4764	4788	5632	5639	5690	5904	6227	6304	6345	6400	6402	6404	6520	6602	7168	7176	7227	7441	7745	7823	7880	8044	8054	8088	8130	8144	8173	8174	8175	8262	8273	8310	8371	8374	8394	8402	8499	8517	8547	8554	8578	8641	9029	9279	10229	10331	10451	11289	11551	11626	11713	12045	12058	12102	12119	12203	12844	13256	13341	13417	13677	13824	13848	14065	14353	14569	14630	14665	15641	15742	15861	16297	16322	17446	17538	17646	17880	17903	18289	18335	18355	18410	18411	18440	18446	18534	18564	18568	18583	18594	18606	18728	18753	19314	19337
satisfi			3	360	387	449	821	1098	1140	1243	1433	1472	1809	1895	2031	2092	2101	2104	2112	2766	2852	2901	3108	3131	3429	3631	3935	3989	4098	4142	4143	4214	4272	4430	4471	4546	4585	4596	4676	4717	4767	5088	5218	5277	5486	6134	7671	8481	8812	9184	9304	9979	10980	11152	12070	12072	12073	12078	12080	12084	12096	12098	12132	12188	12193	12195	12198	12579	12664	14172	14705	15021	16749	17967	18344	18345	18423	18545	18546	18603	18816	19209	19237	19238	19239	19310	19392	19539	19540	19604	19625	19693	20248	20362	20404	20406	20521	20549	20553	20566	20568	20570	20572	20573	20574	20575	20694	21063	21145	21378	21387	21439	21668	22031	22598	22622	22623	22629	23204	23221	23233	23272	23281	23368	23932	23933	24616	24791
free			3	4	9	32	41	48	49	87	88	89	93	101	112	139	150	155	177	221	254	279	281	282	286	296	299	331	351	387	398	435	445	498	511	515	533	547	591	646	647	650	651	655	664	668	670	671	674	695	697	704	707	709	710	720	727	729	730	733	739	740	749	751	754	757	759	775	782	784	786	787	789	796	809	810	811	813	814	815	816	817	818	820	821	828	831	834	852	853	854	859	867	869	870	880	883	884	887	889	902	907	911	919	921	924	925	933	942	946	948	952	967	968	969	971	973	983	989	991	996	997	998	999	1025	1026	1030	1037
smith			3	35	42	45	50	53	56	62	91	107	116	127	143	169	179	196	198	199	200	225	235	278	284	287	289	292	296	305	306	313	324	338	341	342	343	344	347	364	388	400	408	413	416	424	425	449	450	463	474	483	485	488	495	496	506	507	511	514	527	528	588	634	637	640	649	651	652	654	659	663	666	675	677	678	681	683	684	687	689	695	700	702	706	708	711	712	717	723	724	732	734	737	738	741	744	745	753	761	762	769	770	773	779	780	785	787	791	797	798	800	804	806	812	818	823	825	830	833	836	838	840	843	845	847	849	850
sector			3	649	669	699	737	741	745	948	1140	1407	1435	1472	2115	2424	3085	3087	3631	3643	3658	3659	3928	3935	3953	3957	3959	4174	4175	4184	4230	4232	4301	4315	4343	4389	4434	4444	4468	4504	4514	4546	4563	4622	4638	4641	4711	4712	4717	4748	4758	4762	4763	4769	4795	4803	4813	4816	4832	5010	5088	5193	5194	5207	5218	5373	5387	5394	5486	5498	5510	5511	6128	6134	6153	6156	6158	6331	6332	6403	6435	6441	6543	6545	6554	6714	6721	7664	7671	7689	7693	7695	7866	7869	8021	8025	8026	8044	8053	8054	8078	8079	8088	8114	8130	8137	8144	8151	8164	8167	8168	8169	8173	8174	8175	8262	8273	8310	8410	8561	8562	8639	8657	8803	8843	8890	9015	9030
would			3	4	5	6	10	18	19	24	32	35	41	45	47	48	51	56	62	75	77	79	100	101	120	122	131	150	159	161	168	169	170	171	172	179	183	184	190	198	200	205	221	239	243	286	291	292	294	297	300	309	313	314	317	319	329	332	333	351	352	354	357	359	360	361	368	369	370	371	372	374	377	380	384	386	387	394	396	399	400	404	408	409	411	413	415	421	428	429	430	438	448	449	453	455	459	461	464	480	484	486	489	491	494	499	502	506	507	508	514	515	519	527	529	533	542	547	551	554	558	562	565	569	572	589	603	615
develop			3	10	18	19	32	41	45	47	48	50	51	53	109	179	183	236	239	240	286	292	297	331	357	368	376	380	394	408	411	413	421	426	440	519	536	543	558	561	562	586	615	619	628	633	635	639	646	658	669	709	714	731	740	765	806	818	821	827	832	857	904	905	906	939	948	1021	1023	1024	1026	1027	1030	1037	1051	1052	1057	1064	1068	1071	1099	1127	1136	1137	1140	1141	1165	1166	1169	1177	1181	1195	1248	1257	1267	1269	1271	1291	1303	1308	1310	1342	1346	1350	1397	1447	1451	1456	1472	1502	1503	1512	1515	1523	1524	1526	1580	1648	1652	1676	1703	1748	1805	1816	1828	1856	1858	1860
limit			3	4	18	19	31	286	419	428	449	492	536	619	628	635	664	669	695	709	710	731	733	740	747	755	786	811	813	814	831	837	841	867	880	887	939	969	983	1038	1051	1052	1064	1068	1130	1140	1181	1213	1243	1256	1260	1350	1472	1473	1512	1867	1876	1895	1929	1937	1981	2017	2044	2046	2064	2088	2090	2092	2115	2267	2286	2328	2335	2418	2436	2452	2453	2467	2824	2832	2852	2895	2938	3023	3078	3136	3138	3142	3148	3181	3201	3340	3358	3401	3441	3559	3594	3598	3631	3643	3652	3658	3659	3660	3708	3794	3840	3841	3843	3859	3875	3876	3888	3892	3919	3935	4071	4080	4149	4153	4158	4184	4198	4211	4214	4230	4232	4234
sure			3	18	19	32	33	41	48	100	129	155	171	180	230	238	241	279	296	301	303	316	333	417	440	459	469	506	519	542	563	619	636	639	646	670	676	685	692	693	707	727	739	751	754	772	782	788	790	795	810	817	828	832	840	841	853	854	856	870	875	883	884	911	917	921	925	937	946	958	968	991	1026	1030	1036	1037	1051	1052	1068	1089	1105	1140	1144	1163	1195	1231	1248	1262	1319	1324	1337	1339	1343	1360	1370	1402	1407	1410	1412	1442	1449	1472	1571	1596	1609	1624	1640	1649	1698	1705	1706	1737	1747	1751	1754	1767	1782	1865	1888	1905	1915	1929	1952	1965	2008	2044	2046	2065
214			3	286	1140	1350	1472	1512	3274	3379	3387	3437	3439	3836	4102	4184	4763	5373	5632	5639	5690	5692	6035	6572	7168	7176	7227	7229	7572	8099	8185	8386	11224	11232	11566	11588	11643	12078	12149	12150	12193	12209	12242	12251	12291	12656	13325	13381	13403	13742	13992	14250	14297	14584	14605	18207	18476	19595	21139	21140	23045	23746	24298	25053	25055	26105	29779	29780	31345	31346	32883	35414	36897	37149	37399	37401	37800	38273	38278	38284	41034	41077	41078	41569	42611	43048	44365	45114	45590	45712	45821	46531	47239	47468	47819	48030	48035	48047	48288	48407	48512	48623	48729	48816	49119	49124	49125	49130	49134	49137	49595	49680	49795	49800	50186	50276	52063	52093	52126	52144	52275	52317	52426	52480	52508	52532	52537	52548
morgan			3	284	297	364	649	687	699	700	702	717	724	737	741	744	745	769	770	773	978	1140	1305	1342	1353	1420	1431	1432	1472	1510	1748	1813	2111	2215	2246	2277	2327	2364	2711	2771	3007	3495	3631	3643	3659	3805	4230	4300	4316	4352	4395	4417	4479	4514	4521	4550	4563	4622	4717	4762	4763	4769	4813	4814	4816	4849	5193	5207	5218	5230	5327	5339	5369	5373	5390	5394	5486	5498	5511	5747	6004	6460	6578	6634	7018	7284	7541	8044	8054	8078	8088	8130	8144	8169	8173	8174	8175	8262	8273	8310	8606	8613	8645	8660	8670	8697	8870	8874	8916	8925	9002	9012	9055	9061	9088	9092	9167	9255	9265	9292	9308	9377	9381	9456	9506	9507	9514	9645
redher			3	1140	1472	4147	44124	56726	58345	58788	58887	58925	58995	60574	62282	64182	68017	68252	71021	71248	73534	73945	73997	74028	74096	74461	75557	87473	88058	94616	129682	170381	174758	188663	229674	230102	232855	234602	240613	241929	246431	247355	250390	251050	267978	268396	270404	272621	273220	273710	279703	279704	279795	279821	279825	279860	279864	280146	280860	280884	280904	280929	280980	281040	281075	281168	281185	281232	281267	281270	281295	281369	281370	281411	281415	281602	281630	281631	281661	281687	281691	281726	281731	286543	290559	300684	307119	314248	320107	325191	360309	363305	383522	390145	391135	402441	407345	442613	443815	444320	444388	444962	445558	445776	479983	491891	507274
visit			3	32	41	48	57	79	101	185	221	281	285	331	360	387	502	642	646	647	651	654	670	686	698	703	706	707	727	728	740	742	743	754	760	772	775	782	785	788	790	808	809	810	812	817	821	828	853	854	859	860	870	871	877	884	887	890	911	919	921	924	939	944	946	952	953	968	984	991	1026	1030	1037	1098	1124	1125	1126	1137	1138	1140	1205	1351	1356	1407	1408	1412	1414	1415	1433	1443	1447	1465	1469	1472	1476	1478	1480	1492	1503	1507	1511	1655	1809	1947	2031	2065	2075	2081	2121	2124	2293	2322	2468	2478	2484	2618	2766	2901	2905	3074	3104	3111	3117	3129	3166	3167	3196	3224
1346414			3	1140
javamail			3	4	5	6	7	8	9	10	11	12	13	14	15	16	17	18	19	20	21	22	23	24	25	26	27	28	29	30	31	32	33	34	35	36	37	38	39	40	41	42	43	44	45	46	47	48	49	50	51	52	53	54	55	56	57	58	59	60	61	62	63	64	65	66	67	68	69	70	71	72	73	74	75	76	77	78	79	80	81	82	83	84	85	86	87	88	89	90	91	92	93	94	95	96	97	98	99	100	101	102	103	104	105	106	107	108	109	110	111	112	113	114	115	116	117	118	119	120	121	122	123	124	125	126	127	128
word			3	101	113	142	236	297	552	592	641	656	669	695	720	771	772	788	790	828	842	864	873	908	912	940	954	959	974	1123	1124	1134	1140	1141	1342	1376	1433	1449	1452	1472	1480	1482	1516	1611	1703	1730	1748	2088	2222	2229	2231	2233	2246	2252	2292	2315	2337	2348	2364	2575	2668	2711	3003	3007	3189	3380	3397	3599	3658	3659	3738	3781	3795	3811	3813	3845	3887	3893	3913	3935	3943	4027	4046	4104	4105	4128	4169	4222	4275	4276	4288	4324	4360	4436	4445	4464	4465	4479	4510	4521	4550	4558	4563	4571	4588	4589	4590	4595	4596	4622	4672	4713	4717	4763	4766	4813	4913	5088	5193	5194	5355	5373	5390	5394	5510	5511	5633	5649
subscrib			3	101	112	221	236	239	244	281	282	481	636	646	647	650	670	671	695	707	727	730	733	735	749	754	772	782	788	790	809	810	814	817	826	828	837	853	854	870	878	880	884	889	911	921	942	946	948	952	968	971	983	991	1111	1124	1136	1138	1139	1140	1141	1222	1355	1356	1407	1408	1412	1413	1414	1415	1443	1459	1472	1480	1481	1492	1493	1507	1508	1703	1926	2668	2884	3030	3061	3143	3144	4149	4174	4175	4260	4267	4290	4319	4327	4329	4333	4338	4363	4365	4378	4389	4398	4399	4400	4434	4435	4437	4504	4506	4507	4541	4542	4546	4550	4557	4559	4563	4571	4583	4584	4588	4590	4596	4598	4618	4627	4631
per			3	4	10	18	19	32	33	41	48	53	157	272	286	322	364	380	408	413	419	529	542	588	619	628	635	650	651	656	660	669	695	697	699	722	739	740	747	751	772	788	790	814	815	834	841	911	935	940	948	959	964	1021	1026	1030	1036	1037	1051	1052	1057	1064	1068	1082	1089	1130	1140	1187	1260	1267	1271	1291	1305	1327	1350	1363	1369	1420	1444	1451	1463	1471	1472	1473	1512	1526	1609	1625	1697	1772	1813	1828	1856	1860	1867	1929	1975	2017	2035	2044	2046	2065	2066	2075	2081	2088	2098	2110	2113	2124	2134	2219	2246	2255	2281	2298	2299	2302	2312	2315	2327	2349	2355	2356	2389	2436	2445	2452
content			3	4	5	6	7	8	9	10	11	12	13	14	15	16	17	18	19	20	21	22	23	24	25	26	27	28	29	30	31	32	33	34	35	36	37	38	39	40	41	42	43	44	45	46	47	48	49	50	51	52	53	54	55	56	57	58	59	60	61	62	63	64	65	66	67	68	69	70	71	72	73	74	75	76	77	78	79	80	81	82	83	84	85	86	87	88	89	90	91	92	93	94	95	96	97	98	99	100	101	102	103	104	105	106	107	108	109	110	111	112	113	114	115	116	117	118	119	120	121	122	123	124	125	126	127	128
cc			3	4	5	6	7	8	9	10	11	12	13	14	15	16	17	18	19	20	21	22	23	24	25	26	27	28	29	30	31	32	33	34	35	36	37	38	39	40	41	42	43	44	45	46	47	48	49	50	51	52	53	54	55	56	57	58	59	60	61	62	63	64	65	66	67	68	69	70	71	72	73	74	75	76	77	78	79	80	81	82	83	84	85	86	87	88	89	90	91	92	93	94	95	96	97	98	99	100	101	102	103	104	105	106	107	108	109	110	111	112	113	114	115	116	117	118	119	120	121	122	123	124	125	126	127	128
idea			3	32	41	48	76	184	297	368	374	401	411	508	514	515	547	558	562	670	714	765	805	842	856	859	907	934	946	1026	1030	1037	1140	1165	1169	1198	1202	1269	1277	1297	1298	1303	1342	1410	1430	1433	1451	1464	1472	1548	1653	1748	1816	1823	1847	1858	1958	1959	1992	2002	2007	2065	2075	2081	2099	2115	2118	2128	2146	2179	2265	2272	2290	2308	2333	2347	2348	2360	2364	2422	2468	2478	2484	2512	2617	2711	2774	2781	2805	2815	2916	2917	2949	2959	2963	3007	3043	3044	3072	3076	3089	3099	3108	3123	3147	3165	3186	3196	3222	3230	3235	3254	3275	3311	3318	3350	3358	3360	3384	3406	3456	3474	3487	3518	3529	3638	3648	3650
origin			3	4	5	6	7	8	9	10	11	12	13	14	15	16	17	18	19	20	21	22	23	24	25	26	27	28	29	30	31	32	33	34	35	36	37	38	39	40	41	42	43	44	45	46	47	48	49	50	51	52	53	54	55	56	57	58	59	60	61	62	63	64	65	66	67	68	69	70	71	72	73	74	75	76	77	78	79	80	81	82	83	84	85	86	87	88	89	90	91	92	93	94	95	96	97	98	99	100	101	102	103	104	105	106	107	108	109	110	111	112	113	114	115	116	117	118	119	120	121	122	123	124	125	126	127	128
promo			3	945	976	1140	1472	4222	4722	5427	8039	12014	12126	12365	13859	13863	13970	16283	18321	18446	19163	19251	19286	19492	19504	20217	20637	25492	28555	29595	31147	36957	41557	43035	43402	43410	43437	43447	43461	43486	43532	43626	43687	43720	44074	44162	44193	44210	44224	44270	44290	44507	44584	44708	45126	46141	46749	47101	51985	52094	52158	52257	52260	52271	52358	52504	52574	52592	52609	52731	52811	52913	52973	52982	53065	54542	54590	54606	54655	54669	54713	54812	54832	54855	54871	54937	55098	56730	57070	58241	59235	60035	60370	62230	66175	67474	67924	68172	68336	68487	69225	71291	74542	75350	75377	75552	76886	77940	78088	85895	86194	86204	86283	86516	86564	87796	87930	92143	94457	96120	96821	97097	99607	103643	104773	109482	110572	113382
market			3	4	5	6	16	17	18	19	32	39	41	47	48	53	57	60	68	74	79	90	105	112	124	144	152	158	177	201	236	244	281	282	284	286	287	292	296	299	309	315	320	331	332	336	339	343	351	356	368	387	395	403	413	419	429	430	431	434	507	529	553	558	559	564	565	580	587	605	616	619	635	639	645	649	650	658	659	660	666	669	677	678	683	684	687	695	696	699	700	702	709	713	715	717	718	719	724	725	729	731	735	736	741	744	745	749	753	763	764	769	770	772	773	774	775	776	784	786	788	789	790	793	794	795	810	813
top			3	5	6	53	79	101	112	218	219	273	351	408	413	477	651	656	670	674	727	749	771	775	784	787	796	810	811	817	821	828	842	848	853	854	869	870	871	883	884	887	889	890	911	921	944	946	948	967	984	991	1021	1060	1062	1124	1125	1139	1140	1149	1150	1267	1271	1296	1313	1407	1412	1433	1435	1447	1472	1478	1480	1481	1526	1686	1688	1800	1856	1860	1923	2029	2030	2230	2271	2274	2348	2424	2439	2440	2490	2650	2651	2758	2813	2817	2881	3034	3055	3074	3132	3138	3147	3274	3317	3358	3382	3559	3643	3658	3659	3691	3726	3781	3919	3935	3953	3957	3959	4102	4128	4166	4174	4198	4253	4260	4265	4271
took			3	4	32	41	48	272	360	529	561	635	838	1026	1030	1037	1130	1140	1166	1187	1363	1420	1435	1472	1473	1809	1975	2005	2065	2075	2081	2090	2168	2277	2298	2327	2335	2468	2478	2484	2766	2931	2962	3033	3111	3117	3123	3124	3133	3222	3250	3445	3643	3658	3659	3717	3734	3741	3769	3811	3813	3821	3855	3912	3913	3919	3935	4120	4122	4204	4232	4301	4315	4316	4343	4388	4401	4444	4468	4479	4504	4506	4514	4521	4546	4550	4559	4561	4563	4595	4620	4622	4641	4656	4717	4719	4748	4762	4763	4814	4816	4849	5088	5093	5166	5193	5194	5207	5285	5286	5287	5296	5306	5339	5373	5390	5498	5510	5511	5698	5863	5924	5941	5947	5968	6011	6013	6021
ascii			3	5	6	7	8	9	10	11	12	13	14	15	16	17	18	19	20	21	22	23	25	26	27	28	29	30	31	32	33	34	35	36	37	38	39	40	41	42	43	44	45	46	47	48	49	50	51	52	53	54	55	56	57	58	59	60	61	62	63	64	65	66	67	68	69	70	71	72	73	74	75	76	77	78	80	81	82	83	84	85	86	87	88	89	90	91	92	93	94	95	96	97	98	99	100	101	102	103	104	105	106	107	108	109	110	111	112	113	114	115	116	117	118	119	120	121	122	123	124	125	126	127	128	129	130	131
futur			3	4	5	6	31	171	177	262	285	286	289	304	305	306	323	331	408	413	507	529	565	615	635	638	645	646	648	649	656	668	669	686	699	710	716	728	733	737	741	745	747	749	753	754	760	771	818	821	834	849	864	867	871	880	882	890	904	908	912	913	919	924	925	927	948	967	969	984	1017	1038	1060	1062	1071	1130	1137	1140	1162	1187	1203	1267	1271	1330	1334	1335	1336	1350	1351	1360	1407	1450	1465	1469	1470	1472	1473	1503	1511	1512	1640	1647	1725	1742	1755	1756	1757	1773	1856	1860	1885	1953	1975	2009	2029	2030	2064	2102	2103	2115	2124	2130	2131	2132	2151	2224	2320	2335
from			3	4	5	6	7	8	9	10	11	12	13	14	15	16	17	18	19	20	21	22	23	24	25	26	27	28	29	30	31	32	33	34	35	36	37	38	39	40	41	42	43	44	45	46	47	48	49	50	51	52	53	54	55	56	57	58	59	60	61	62	63	64	65	66	67	68	69	70	71	72	73	74	75	76	77	78	79	80	81	82	83	84	85	86	87	88	89	90	91	92	93	94	95	96	97	98	99	100	101	102	103	104	105	106	107	108	109	110	111	112	113	114	115	116	117	118	119	120	121	122	123	124	125	126	127	128
ash			3	239	240	1127	1136	1140	1472	3030	3031	3658	4648	4814	5194	5390	5510	8652	8912	9019	11148	12427	14232	19262	20314	28517	32870	40808	41269	41273	42403	42786	42792	43508	45194	45764	45765	46140	51968	53327	53328	53842	53865	53866	54082	54103	54170	54191	54246	54252	54253	54254	54328	54489	54492	54493	54624	54981	54982	54985	55157	55160	55161	56596	56640	57145	58031	58123	58358	58448	59683	60772	61272	65552	66836	67496	67544	67708	67709	67931	68894	69474	69684	69763	69764	70231	70232	70393	70753	71931	72339	74387	74446	74620	74677	75616	75652	76584	77285	78196	82302	82556	83273	83274	83283	85963	85964	85972	85973	85975	85976	85977	85978	85979	85980	85981	85986	85987	86631	86639	86640	86642	86643	86644	86645	86646	86647	86648
ask			3	50	53	95	100	101	112	113	149	157	246	248	281	308	310	384	387	393	411	428	440	495	496	507	508	519	521	529	550	552	554	603	638	641	643	645	654	674	706	716	718	720	740	759	763	785	793	812	860	873	887	904	917	927	938	954	956	974	989	1021	1024	1072	1094	1098	1123	1124	1134	1139	1140	1171	1187	1194	1195	1202	1203	1210	1211	1248	1256	1269	1282	1287	1332	1333	1356	1369	1402	1405	1410	1412	1449	1450	1451	1461	1468	1470	1472	1480	1481	1482	1507	1516	1523	1526	1567	1571	1617	1625	1710	1711	1759	1760	1818	1833	1858	1876	1888	1941	1942	1953	1965	1966	1975	1996	1998	2031
learn			3	18	19	31	177	240	331	394	427	619	650	670	686	749	757	819	859	864	883	884	887	902	958	966	971	1038	1051	1052	1068	1127	1137	1140	1330	1407	1413	1433	1444	1472	1503	1647	1875	1929	2044	2046	2064	2266	2452	2453	2467	2611	2831	3023	3031	3076	3108	3166	3189	3201	3402	3574	3643	3658	3659	3760	3791	3892	3935	3984	4098	4152	4174	4182	4212	4214	4230	4250	4253	4260	4289	4329	4391	4416	4417	4425	4430	4435	4471	4493	4507	4514	4523	4531	4535	4558	4563	4571	4620	4622	4624	4627	4647	4658	4661	4711	4719	4721	4722	4753	4763	4764	4803	4813	4814	4816	4832	4952	4974	5088	5193	5194	5207	5299	5340	5355	5373	5411
29790972		
pleas			3	9	10	11	12	14	16	17	18	19	21	29	32	41	46	47	48	50	56	57	62	73	74	76	79	84	93	96	100	101	103	104	105	109	113	119	128	131	133	136	138	139	140	142	145	148	150	152	155	157	167	177	181	189	200	201	205	211	214	221	222	223	230	231	236	238	246	248	249	250	254	261	262	264	266	267	270	271	276	279	281	282	283	284	285	287	289	290	292	296	297	298	299	301	304	305	306	314	316	322	326	329	331	333	334	336	338	342	343	351	356	361	364	376	381	387	393	395	403	406	408	413	414	415	418	420
pick			3	79	141	177	399	601	650	651	707	853	883	943	948	968	971	1125	1140	1279	1330	1440	1472	1478	1610	1647	1845	2045	2158	2242	2247	2279	2353	2574	2611	2803	3002	3099	3142	3186	3296	3337	3444	3457	3544	3560	3604	3643	3658	3659	3730	3767	3892	3907	3908	3935	3984	4046	4149	4193	4198	4214	4260	4291	4301	4325	4338	4354	4362	4378	4397	4414	4430	4434	4435	4514	4542	4558	4565	4627	4631	4632	4659	4660	4719	4739	4740	4742	4748	4762	4763	4814	4816	4820	4822	5039	5088	5094	5096	5193	5194	5207	5342	5353	5373	5390	5404	5439	5498	5510	5511	5533	5571	5590	5630	5696	5710	5795	5812	5853	5936	5966	6090	6107	6108	6134	6183	6245
retail			3	351	387	558	628	698	703	709	748	757	813	857	870	919	946	965	1064	1098	1140	1169	1313	1458	1465	1472	1800	2002	2017	2031	2246	2298	2436	2758	2901	2959	3631	3643	3658	3919	4056	4069	4153	4174	4200	4230	4260	4290	4301	4336	4343	4346	4347	4379	4395	4473	4479	4507	4521	4528	4535	4539	4541	4550	4559	4561	4563	4595	4596	4606	4622	4635	4638	4641	4651	4696	4711	4712	4717	4725	4739	4748	4753	4758	4762	4763	4812	4813	4814	4815	4820	4849	5037	5093	5194	5207	5218	5308	5390	5486	5498	5510	6119	6255	6268	6554	6739	6897	6978	7655	7792	7805	7977	8051	8069	8168	8171	8174	8175	8308	8331	8364	8396	8463	8500	8605	8640	8648
achom			3	1140	1472	279676	279704	279759	279762	279821	279842	279863	280831	280859	280883	280903	280922	280940	280971	281017	281039	281058	281074	281092	281113	281150	281166	281249	281270	281301	281337	281369	281398	281412	281444	281605	281611	281631	281687	281708	281729	281744	508002	508014	508027	508039	508051	508062	508073	508079	508081	508092	508104	508113	508125	508136	508155	508170	508174	508183	508190	508203	508211	508220	508315	508358	508389	508392	508397	508411	508423	508620
charg			3	18	19	251	316	529	554	588	600	619	635	646	651	669	670	685	688	695	697	704	707	727	739	751	754	772	775	782	787	788	790	810	814	815	817	820	828	853	854	866	867	869	870	884	887	911	921	927	946	948	955	968	991	1051	1052	1068	1077	1082	1140	1171	1187	1407	1412	1444	1470	1471	1472	1697	1714	1767	1796	1929	1975	1998	2044	2046	2124	2145	2168	2204	2288	2312	2384	2412	2452	2453	2599	2679	2728	2931	2954	2998	3010	3023	3038	3352	3445	3459	3546	3631	3643	3658	3669	3671	3675	3677	3678	3679	3680	3681	3682	3686	3687	3704	3715	3837	3860	3935	4149	4184	4185	4223	4232	4234	4238	4247
11			3	21	22	24	39	41	42	43	44	45	53	56	79	100	101	102	126	131	132	133	134	135	136	138	151	157	161	171	177	181	182	186	187	189	193	194	205	211	218	233	244	245	246	255	256	273	274	279	284	286	289	290	295	308	309	317	320	322	332	341	343	348	349	350	351	354	361	365	370	374	387	392	403	404	406	407	408	413	416	419	441	442	457	458	462	463	468	472	476	477	480	481	484	485	487	498	511	513	524	536	538	541	542	544	545	553	564	578	579	580	581	584	585	588	589	591	593	596	600	605	610	614	634	635	639	641
product			3	4	32	41	48	60	73	101	112	128	176	183	201	221	267	270	286	296	299	300	314	333	351	356	394	428	558	628	635	639	646	647	651	657	658	660	669	670	699	716	727	728	735	740	754	757	772	782	788	790	809	810	813	818	820	821	827	828	853	854	875	884	902	904	911	917	921	928	939	941	948	952	955	960	971	977	983	991	995	1007	1026	1030	1037	1064	1124	1130	1138	1139	1140	1169	1219	1256	1308	1311	1313	1324	1340	1341	1343	1350	1374	1386	1407	1408	1413	1414	1415	1433	1443	1447	1449	1453	1472	1473	1480	1481	1492	1512	1533	1545	1595	1646	1652	1670	1729	1733
pasa			3	1140	1472	17925	18775	19734	59283	75632	145712	149258
url			3	101	262	285	322	635	654	669	706	785	812	860	1017	1124	1140	1327	1351	1472	1480	1511	1725	1772	2139	2140	2144	2389	2654	2690	2732	3042	3212	3311	3474	3580	3582	3583	4109	4153	4184	4275	4291	4399	4479	4514	4546	4550	4563	4571	4572	4595	4622	4717	4724	4739	4769	4907	4944	5271	5373	5473	5561	5831	5833	5834	7097	7367	7370	7371	8015	8018	8044	8054	8066	8078	8088	8114	8130	8144	8154	8156	8173	8174	8175	8262	8273	8310	8325	8628	8639	8752	8799	8889	8890	9030	9039	9151	9208	9303	9323	9539	9574	9625	9628	9636	9753	9754	9755	9948	10035	10036	10037	10040	10244	10353	10365	10376	10404	10498	10520	10542	10586	10597	10707	10723	10794	10873
76			3	4	282	513	669	699	713	718	1130	1140	1199	1355	1435	1472	1473	1508	1957	2147	2915	3546	3631	3887	3893	3946	4001	4040	4352	4417	4434	4468	4504	4506	4514	4563	4678	4679	4763	4813	4814	4816	5065	5218	5373	5486	5798	6086	6091	6145	6199	6240	6460	7334	7622	7628	7682	7736	7776	8051	8163	8164	8167	8168	8171	8300	8733	8823	9140	9158	9317	9335	9890	10628	10635	10707	11242	11287	11386	11590	11615	11712	11829	12061	12078	12132	12262	12337	12512	12641	12655	13179	13257	13353	13379	13680	13988	13992	14001	14003	14160	14261	14352	14404	14607	15205	16036	16041	16138	16402	16408	17030	18066	18230	18254	18277	18346	18359	18435	18498	18560	18916	19082	19484	19706	19806	19827	19921
opinion			3	169	300	403	421	459	650	789	831	902	948	1140	1276	1472	1638	1750	1849	1868	1905	2118	2367	2415	2428	2602	2713	2807	2825	2862	3048	3073	3246	3272	3275	3300	3490	3516	3543	3548	3642	3644	3646	3658	3665	3728	3751	3778	3784	3816	3823	3825	3840	3849	3855	3861	3884	3885	3888	3894	3906	3921	3943	4032	4034	4042	4067	4150	4178	4201	4202	4252	4290	4298	4305	4310	4313	4334	4373	4375	4394	4412	4428	4432	4435	4460	4463	4468	4496	4503	4514	4525	4546	4554	4561	4563	4574	4577	4612	4622	4642	4645	4655	4663	4682	4685	4704	4705	4707	4729	4733	4734	4735	4738	4749	4760	4777	4778	4799	4801	4813	4816	4827	4917	4926	5017	5026	5040
order			3	5	6	16	17	101	121	127	159	224	236	272	282	285	296	299	317	333	374	387	403	414	420	421	494	499	513	562	565	660	664	697	712	714	723	728	731	751	758	765	772	788	790	795	815	842	863	869	878	900	902	939	955	969	990	1053	1054	1060	1062	1098	1124	1140	1141	1162	1165	1199	1207	1212	1266	1276	1298	1324	1329	1340	1343	1351	1355	1363	1387	1390	1406	1413	1433	1446	1447	1471	1472	1480	1508	1511	1589	1594	1627	1691	1703	1747	1749	1768	1782	1823	1849	1861	1868	1939	1944	1957	2007	2009	2029	2030	2031	2040	2042	2071	2097	2099	2102	2103	2133	2134	2145	2152	2159	2164	2168	2193
earlier			3	10	297	387	472	515	519	529	547	624	637	669	722	1057	1065	1098	1140	1187	1195	1198	1227	1342	1420	1472	1748	1919	1959	1965	1974	1975	1992	2031	2035	2115	2189	2217	2224	2271	2277	2286	2327	2364	2372	2445	2711	2876	2901	2917	2921	2931	2949	3007	3027	3055	3059	3077	3090	3123	3126	3131	3257	3274	3304	3367	3479	3631	3643	3658	3659	3689	3695	3772	3814	3935	4054	4092	4102	4129	4143	4153	4246	4265	4287	4290	4301	4315	4316	4343	4347	4388	4391	4395	4401	4417	4444	4468	4479	4485	4514	4521	4535	4546	4547	4550	4561	4563	4595	4596	4618	4622	4641	4692	4717	4748	4758	4762	4763	4769	4794	4803	4813	4814	4816	4849	5018	5088
get			3	4	5	6	24	31	32	35	37	38	41	42	48	49	80	81	85	87	88	89	100	101	104	105	108	112	148	158	171	175	198	202	205	230	241	246	248	249	254	263	268	272	279	285	286	291	297	300	308	309	310	315	320	322	331	332	334	342	343	345	346	347	351	357	368	374	387	393	396	398	399	416	421	429	430	437	438	448	449	452	460	461	465	472	476	482	483	484	485	486	491	492	494	498	502	503	506	514	519	520	524	529	533	536	542	548	549	554	558	560	571	572	578	584	591	593	605	624	633	636	638	643	646	650	651	662
share			3	18	19	46	49	86	145	161	167	183	266	285	289	298	304	305	306	343	387	404	507	513	529	591	604	615	619	635	639	669	699	709	736	740	786	828	844	901	931	935	968	973	1000	1025	1051	1052	1068	1071	1080	1098	1101	1104	1109	1116	1119	1128	1132	1140	1187	1199	1203	1308	1334	1335	1336	1351	1367	1448	1463	1467	1472	1475	1484	1486	1495	1498	1501	1511	1518	1522	1558	1629	1652	1719	1742	1755	1756	1757	1850	1885	1929	1953	1957	1975	2031	2044	2046	2121	2156	2192	2253	2256	2257	2310	2320	2326	2330	2341	2349	2355	2356	2366	2371	2373	2374	2452	2453	2477	2485	2488	2499	2522	2543	2594	2616	2705
index			3	4	5	6	16	17	74	94	111	173	184	207	221	260	267	274	281	286	331	518	565	647	658	707	732	749	809	817	821	828	831	853	854	858	870	884	891	921	952	965	967	995	1005	1039	1053	1054	1060	1062	1130	1137	1138	1140	1162	1185	1186	1196	1297	1350	1356	1359	1395	1408	1414	1415	1443	1458	1472	1473	1492	1503	1507	1512	1546	1566	1582	1642	1653	1677	1723	1729	1964	2009	2029	2030	2040	2042	2118	2168	2439	2440	2450	2451	2509	2529	2547	2606	2617	2640	2688	2694	2920	2965	3035	3076	3104	3143	3166	3275	3367	3467	3474	3569	3570	3571	3631	3655	3659	3662	3698	3703	3706	3709	3747	3763	3935	4028
s			3	4	20	22	23	26	27	77	79	93	100	101	109	110	117	123	125	127	133	138	139	148	150	152	171	173	193	194	205	236	242	244	251	261	262	282	284	286	289	290	292	319	322	331	351	364	369	370	371	372	378	379	383	408	413	445	450	474	488	507	511	528	536	537	558	560	582	609	635	636	639	645	646	649	650	656	658	659	660	663	667	669	670	674	679	680	683	684	687	697	699	700	702	705	707	709	712	713	716	717	718	724	727	731	732	736	737	740	741	742	744	745	753	754	757	759	764	769	770	773	780	782	789	794	795	799
soon			3	15	32	35	36	37	41	48	150	155	177	189	211	222	273	292	364	399	428	435	494	499	501	519	527	529	536	573	676	678	695	740	771	828	832	928	946	957	1026	1030	1034	1037	1113	1115	1129	1140	1160	1181	1187	1189	1195	1207	1212	1251	1256	1279	1296	1305	1330	1346	1370	1373	1410	1420	1426	1434	1442	1453	1472	1474	1489	1490	1515	1618	1624	1631	1647	1813	1845	1876	1882	1939	1944	1946	1965	1972	1975	1981	2018	2065	2068	2069	2070	2075	2081	2091	2095	2096	2115	2118	2150	2157	2182	2199	2218	2219	2256	2257	2260	2261	2274	2277	2305	2327	2336	2338	2350	2352	2409	2412	2421	2423	2468	2471	2472	2473
multexinvestor			3	1140	1472	4769	8044	8054	8066	8078	8088	8114	8130	8144	8173	8174	8175	8262	8273	8310	8325	28505	69686	92147	96521	96526	96530	96531	96534	96540	96544	96545	96546	96559	96570	96571	96576	96578	96582	96588	96591	96593	96596	96599	96601	96602	96604	96606	96611	96626	96636	96637	96654	96664	96665	96675	96680	96690	96704	96705	96978	97000	165578	165704	165707	244356	253358	253395	260224	279676	279704	279759	279762	279821	279842	279863	279864	280831	280859	280882	280883	280903	280922	280940	280971	281017	281039	281058	281074	281092	281113	281150	281166	281249	281270	281301	281337	281369	281398	281411	281412	281444	281605	281611	281631	281687	281708	281729	281731	281744	323003	330968	368454	368455	368462	368464	368476	368477	368484	368497	368516	368517	368542	368549	368553	368561	368591	368596
home			3	32	41	47	48	53	73	101	112	150	159	182	247	262	279	305	331	333	360	466	482	502	515	516	527	529	543	547	565	622	650	662	672	674	676	685	707	720	740	759	763	784	787	793	813	832	834	840	841	848	856	859	869	883	896	919	945	958	976	1007	1017	1021	1026	1027	1030	1037	1083	1105	1124	1137	1139	1140	1162	1177	1187	1189	1198	1205	1221	1233	1324	1335	1373	1407	1420	1433	1461	1465	1472	1480	1481	1503	1526	1545	1618	1627	1651	1725	1737	1756	1782	1809	1912	1927	1947	1951	1959	1960	1972	1975	1988	1992	2009	2065	2075	2080	2081	2115	2177	2178	2184	2186	2191	2199	2244	2246
profit			3	18	19	31	32	41	48	158	183	368	380	387	419	429	430	440	446	451	459	486	506	515	547	559	615	619	633	635	646	698	703	758	775	789	821	864	878	887	902	948	966	979	1026	1030	1037	1038	1051	1052	1068	1071	1098	1140	1168	1198	1217	1240	1245	1248	1254	1255	1260	1291	1303	1308	1412	1456	1472	1626	1652	1816	1828	1867	1877	1878	1885	1888	1892	1898	1905	1929	1932	1952	1959	1992	2003	2031	2044	2046	2064	2065	2075	2081	2092	2112	2452	2453	2467	2468	2478	2484	2591	2616	2774	2786	2824	2833	2835	2844	2849	2854	2862	2889	2901	2909	2917	2949	2960	3019	3023	3056	3085	3087	3177	3178	3222	3385
rememb			3	35	42	171	185	272	279	331	484	495	496	521	560	624	637	677	756	772	782	787	869	927	1065	1105	1137	1140	1167	1194	1210	1211	1218	1360	1363	1449	1450	1460	1470	1472	1503	1640	1655	1737	1930	1941	1942	1966	1974	2004	2068	2076	2183	2191	2260	2261	2361	2416	2420	2471	2479	2604	2618	2702	2887	2898	2899	2922	2961	3027	3033	3044	3099	3113	3153	3154	3266	3267	3269	3274	3300	3379	3387	3437	3470	3471	3567	3581	3641	3802	3919	3953	3957	4012	4044	4066	4085	4102	4167	4211	4216	4320	4329	4364	4485	4507	4565	4569	4606	4634	4697	4725	4759	4762	4763	4816	4820	4984	4985	5093	5131	5209	5245	5278	5358	5404	5496	5502
say			3	10	18	19	87	101	282	317	387	391	404	437	488	529	584	619	656	660	670	707	713	727	738	740	754	757	771	775	782	789	817	841	853	857	884	911	946	991	992	999	1051	1052	1057	1068	1085	1098	1124	1140	1187	1216	1249	1284	1329	1355	1407	1410	1412	1420	1422	1429	1472	1480	1508	1559	1654	1768	1839	1850	1884	1929	1933	1975	2031	2035	2044	2046	2088	2106	2115	2117	2156	2250	2281	2285	2295	2319	2321	2327	2329	2335	2385	2419	2420	2445	2452	2453	2523	2610	2729	2797	2808	2841	2891	2901	2931	2993	3023	3049	3055	3064	3076	3085	3086	3087	3123	3132	3150	3161	3166	3176	3192	3222	3227	3265	3274	3284
volatil			3	5	6	183	281	286	356	529	616	635	660	1060	1062	1070	1140	1187	1308	1311	1350	1356	1472	1507	1512	1652	1804	1896	1975	2029	2030	2246	2418	2439	2440	2616	2762	2931	3020	3092	3142	3143	3168	3377	3459	3494	3527	3546	3594	3599	3608	3643	3659	3706	3739	3744	3843	3857	3887	3893	3919	3924	3935	4086	4140	4301	4343	4346	4378	4444	4479	4507	4546	4563	4622	4717	4734	4735	4738	4749	4758	4762	4763	4813	4814	4816	4913	5008	5088	5093	5157	5160	5193	5207	5339	5390	5498	5511	5549	5571	5629	5712	5746	5780	5798	5843	5847	5856	5945	6043	6056	6086	6091	6119	6123	6134	6286	6337	6503	6946	7018	7057	7059	7061	7109	7166	7249	7283
impact			3	5	6	32	41	48	50	56	62	140	148	171	265	445	474	481	507	635	639	658	669	714	753	765	794	827	875	880	904	917	1014	1019	1024	1026	1030	1037	1060	1062	1140	1203	1222	1226	1246	1360	1375	1435	1472	1523	1529	1535	1608	1616	1640	1728	1891	1921	1926	1953	2029	2030	2065	2075	2081	2300	2357	2424	2439	2440	2468	2478	2484	2486	2493	2498	2573	2581	2604	2693	2848	2878	2884	2910	3085	3087	3089	3115	3124	3131	3166	3184	3204	3222	3300	3311	3364	3372	3373	3426	3430	3443	3546	3658	3659	3706	3840	3888	3902	3903	3904	3989	4081	4103	4122	4123	4140	4142	4143	4184	4204	4212	4230	4232	4246	4253	4264	4265
2			3	4	9	10	14	15	16	17	18	19	33	38	45	51	53	57	68	74	80	83	86	93	103	104	112	116	133	138	145	168	169	171	176	178	190	199	216	220	231	232	234	236	241	243	244	254	256	257	273	277	278	281	282	285	286	289	292	294	297	303	304	305	306	309	320	331	332	343	351	358	360	362	364	365	366	368	369	370	371	372	374	377	380	387	395	401	408	413	417	419	435	437	440	442	452	457	458	464	470	472	477	481	482	484	486	494	495	496	497	499	500	501	502	506	507	511	515	519	521	529	536	537	542	544	547	553
firm			3	4	5	6	16	17	53	79	104	236	282	284	286	302	357	408	413	480	506	529	536	628	659	660	684	687	695	700	702	717	720	724	744	769	770	773	789	792	831	902	978	990	1021	1053	1054	1060	1062	1064	1125	1130	1140	1141	1181	1187	1223	1267	1271	1310	1338	1350	1353	1355	1400	1431	1432	1472	1473	1478	1508	1510	1512	1526	1574	1703	1753	1805	1856	1860	1925	1952	1975	1981	2017	2029	2030	2040	2042	2145	2168	2246	2274	2292	2316	2369	2436	2439	2440	2450	2451	2455	2490	2538	2668	2715	2763	2813	2817	2883	2909	2931	2938	3063	3072	3085	3087	3138	3139	3292	3379	3387	3437	3445	3467	3631	3643	3659
fund			3	18	19	31	297	338	421	507	619	633	650	669	673	756	789	990	1038	1051	1052	1068	1140	1203	1342	1426	1456	1472	1748	1787	1868	1929	1953	2044	2046	2064	2201	2222	2316	2328	2338	2364	2403	2452	2453	2467	2711	2744	2790	2825	2910	3007	3023	3073	3075	3093	3139	3157	3164	3168	3170	3186	3229	3232	3288	3340	3379	3387	3430	3437	3523	3524	3547	3556	3562	3631	3655	3658	3659	3660	3768	3785	3793	3837	3872	3877	3896	3943	3966	3975	4048	4101	4103	4156	4169	4175	4185	4214	4223	4247	4253	4260	4262	4263	4275	4287	4290	4292	4315	4316	4327	4343	4347	4359	4364	4370	4378	4389	4399	4430	4434	4435	4444	4445	4468	4477	4479	4495
endless			3	244	864	1111	1140	1433	1472	1493	3659	4253	4316	5193	5511	8078	8660	9012	9292	11172	11236	11459	11565	11825	12403	13182	13404	13511	13731	14254	14305	14492	14583	15201	17027	20859	22411	24076	24222	25304	28959	43399	43401	43661	44360	44424	47898	49225	49652	50607	52138	55749	55992	56223	56853	56854	57417	58030	58526	60009	60816	60962	61544	62065	62257	62353	63851	64672	65085	65096	65097	65098	65101	65102	65106	65107	65108	65126	65876	67580	67881	67946	67951	68473	69929	70115	70149	70427	71197	71268	71385	71742	72161	72301	73275	74324	74678	75126	75475	75899	76019	76182	77549	77553	77554	77562	77925	79381	79382	79383	79384	79385	79392	79689	80925	83592	83603	83912	84930	85858	86481	86528	87896	88768	89149	89430	90487	90869
s900			3	1140
12			3	4	9	10	22	23	24	37	38	39	40	46	47	48	50	53	56	62	68	73	79	85	86	100	107	113	115	130	131	136	138	145	150	152	161	163	164	167	171	172	178	184	189	194	199	200	211	215	226	228	230	233	242	244	245	246	249	255	266	268	276	279	282	284	287	296	298	299	302	304	308	309	310	319	320	322	331	332	344	345	346	347	351	365	374	379	383	387	395	398	401	405	414	416	419	429	430	442	443	450	457	478	479	480	481	485	488	489	499	505	507	513	514	515	521	523	524	533	535	539	540	541	542	543	544	554
with			3	4	18	19	26	53	77	101	112	150	286	289	331	343	486	488	615	619	645	650	651	666	685	697	740	749	751	754	757	782	789	810	815	832	844	854	864	869	871	883	911	921	932	946	948	951	953	965	968	983	1004	1021	1044	1051	1052	1068	1071	1101	1124	1130	1137	1139	1140	1216	1217	1350	1373	1407	1412	1433	1460	1472	1473	1480	1481	1501	1503	1512	1526	1549	1618	1742	1885	1929	1932	1933	2044	2046	2058	2288	2320	2336	2346	2347	2352	2361	2410	2413	2419	2452	2453	2461	2490	2513	2543	2583	2705	2889	2891	3019	3023	3063	3085	3087	3143	3159	3168	3292	3543	3546	3567	3658	3659	3697	3743	3781
decis			3	152	281	285	297	308	310	364	374	403	428	486	529	639	658	670	695	714	720	753	756	765	794	821	827	841	854	869	875	883	907	932	934	939	948	951	1140	1187	1217	1256	1276	1298	1305	1332	1333	1342	1351	1356	1371	1438	1444	1464	1472	1507	1511	1621	1748	1759	1760	1813	1823	1849	1876	1932	1975	2100	2204	2219	2292	2318	2335	2360	2364	2376	2377	2521	2532	2585	2711	2722	2723	2771	2781	2807	2832	2889	2931	3007	3055	3085	3086	3087	3111	3115	3117	3118	3121	3122	3123	3126	3127	3130	3133	3147	3166	3208	3268	3374	3386	3430	3436	3608	3631	3643	3655	3658	3659	3676	3684	3688	3692	3702	3726	3735	3738	3747
incumb			3	1140	1472	3747	4758	5528	6403	9940	11158	11549	11639	11689	12107	12417	13281	13328	13419	14240	14567	14635	17891	18740	19035	24175	32987	33013	36762	40062	40063	41573	41575	43052	43054	43246	43247	43467	44029	44915	44916	45107	45109	47232	48548	48555	48937	49117	49344	49357	49508	49509	50228	50236	55420	55782	55998	56125	56336	56913	57284	57343	57414	57577	57685	57780	57795	57797	57857	57865	58241	58269	58407	58480	58485	58490	58498	58526	58575	58718	58757	58773	58791	58793	58803	58890	59078	59204	59841	59859	59987	60216	60525	60720	60816	60843	60845	61095	61188	61249	61272	61280	61347	61364	61399	62480	62501	62505	62636	62662	62663	62933	62967	63003	63097	63111	63145	63165	63325	63909	64058	64278	65144	65151	65179	65200	65306	65307
growth			3	32	41	48	53	150	295	481	635	639	649	669	671	698	699	728	731	737	741	745	775	789	887	902	1021	1026	1030	1037	1140	1222	1344	1373	1472	1526	1618	1746	1926	2065	2075	2081	2145	2210	2362	2468	2478	2484	2490	2583	2709	2884	2977	3085	3087	3119	3230	3518	3546	3581	3658	3659	3892	3902	3903	3904	3919	3928	3966	3975	3984	4153	4181	4184	4230	4232	4253	4315	4320	4327	4343	4346	4347	4395	4399	4408	4417	4434	4444	4479	4514	4546	4550	4553	4561	4563	4583	4595	4596	4622	4638	4641	4677	4692	4717	4748	4762	4763	4769	4813	4814	4816	4832	4849	5010	5093	5193	5194	5339	5354	5373	5390	5394	5441	5442	5510	5511	5544
13			3	4	11	12	15	18	19	36	46	53	57	62	68	79	90	101	109	112	113	124	130	145	154	156	159	160	167	171	178	189	191	192	195	200	211	215	217	218	219	220	221	222	229	233	244	246	248	255	261	265	266	267	277	281	282	286	294	298	326	331	373	374	377	387	408	413	414	415	442	457	458	470	472	474	475	477	480	484	489	537	538	544	552	554	558	580	582	585	586	587	590	604	609	619	620	630	635	645	649	650	656	659	660	665	668	669	678	683	684	687	690	696	698	699	700	702	713	716	717	718	724	728	736	737	738	741
entertain			3	240	331	669	674	786	821	889	890	955	1127	1137	1140	1433	1472	1503	3031	3075	3292	3658	3967	4253	4271	4343	4551	4558	4629	4832	5194	5373	5390	5510	6356	7890	7928	7929	7954	8016	8044	8054	8080	8088	8130	8144	8173	8174	8175	8214	8258	8262	8263	8273	8310	8324	8355	8428	8660	8812	9012	9184	9292	9304	9913	10331	10422	10509	10553	10588	10601	10602	10730	10980	11188	11203	11216	11219	11300	11330	11417	11507	11549	11572	11575	11639	11685	11686	12021	12062	12115	12158	12203	12300	12318	12333	12342	12345	12388	12510	12525	12530	12610	12622	12661	12844	13284	13328	13396	13419	13443	13455	13461	13531	13548	13635	13665	13746	13749	13761	13798	13846	13935	13939	14002	14079	14144	14147
transfer			3	4	5	6	7	8	9	10	11	12	13	14	15	16	17	18	19	20	21	22	23	24	25	26	27	28	29	30	31	32	33	34	35	36	37	38	39	40	41	42	43	44	45	46	47	48	49	50	51	52	53	54	55	56	57	58	59	60	61	62	63	64	65	66	67	68	69	70	71	72	73	74	75	76	77	78	79	80	81	82	83	84	85	86	87	88	89	90	91	92	93	94	95	96	97	98	99	100	101	102	103	104	105	106	107	108	109	110	111	112	113	114	115	116	117	118	119	120	121	122	123	124	125	126	127	128
repli			3	57	101	177	221	285	289	306	331	364	428	448	647	650	653	693	697	720	735	748	772	775	788	790	805	808	809	816	832	834	842	859	864	897	907	928	950	952	965	971	983	1124	1126	1137	1138	1140	1244	1256	1305	1330	1334	1351	1408	1414	1415	1420	1429	1430	1443	1455	1458	1460	1472	1476	1480	1492	1503	1511	1647	1742	1757	1813	1876	1894	2133	2157	2182	2191	2195	2211	2219	2229	2233	2258	2292	2308	2319	2320	2327	2329	2346	2347	2352	2374	2420	2421	2499	2543	2611	2705	2720	2771	2832	2851	3061	3166	3349	3353	3366	3422	3430	3520	3575	3576	3607	3643	3651	3658	3659	3697	3750	3779	3787	3795	3797	3799
answer			3	18	19	100	101	158	159	305	317	351	360	414	472	484	495	496	579	588	619	644	650	651	670	676	707	709	740	787	820	869	901	917	931	938	945	946	948	976	1051	1052	1068	1082	1124	1140	1157	1210	1211	1218	1227	1266	1313	1329	1335	1402	1433	1450	1451	1467	1468	1472	1480	1571	1626	1627	1697	1756	1768	1800	1809	1861	1919	1929	1930	1941	1942	2023	2044	2046	2133	2164	2168	2192	2215	2253	2290	2298	2300	2335	2357	2373	2385	2452	2453	2488	2535	2591	2592	2610	2719	2729	2758	2766	2818	2876	2887	2898	2899	2981	2998	3023	3064	3099	3103	3126	3143	3168	3172	3186	3196	3197	3208	3279	3291	3380	3403	3430
mail			3	10	12	18	19	32	37	41	47	48	49	56	57	62	87	88	89	90	101	112	113	122	131	134	155	177	199	206	214	221	230	261	274	279	281	282	285	289	292	304	305	306	331	334	336	338	343	356	370	371	394	408	413	414	435	448	450	466	467	511	513	519	529	542	552	589	591	619	633	636	639	641	646	647	650	651	654	656	664	668	670	671	680	685	686	689	692	693	695	697	698	703	704	706	707	714	716	720	722	727	728	730	739	742	743	748	751	754	755	757	760	765	771	772	778	782	785	787	788	790	796	805	809	810	812	815
aaii			3	1140	1472	341573	341611	341639	342131	342132	443490
corner			3	4	286	334	364	399	408	413	512	633	650	651	656	771	807	871	890	965	984	1130	1140	1267	1271	1279	1305	1323	1350	1426	1433	1456	1472	1473	1512	1813	1845	1856	1860	1956	2091	2092	2100	2129	2135	2136	2147	2184	2218	2309	2310	2771	2803	2813	2817	2914	3292	3658	3693	4211	4296	4300	4352	4435	4514	4558	4561	4665	4748	4751	4762	4763	4788	4796	5181	5194	5362	5373	5383	5510	5518	6356	6527	6897	7890	8088	8652	8813	8895	8912	9019	9183	9616	9621	9703	9872	10285	10456	10458	10463	10542	10718	10936	11120	11121	11130	11144	11169	11224	11236	11260	11271	11353	11381	11423	11530	11588	11686	11712	11949	12062	12070	12084	12128	12131	12191	12197	12316
notch			3	112	1139	1140	1472	1481	3659	4153	4315	4521	4550	4595	4596	4622	4677	4717	5193	5339	5373	5390	5394	5511	6435	7018	10263	11242	11505	11689	11712	11762	12602	12655	13257	13281	13463	13811	14261	14529	14683	15676	17478	18386	19360	19361	19426	19645	19692	20484	21393	24847	28479	28567	29892	31029	31030	31458	32636	33768	33781	33788	35639	38615	39448	39552	40637	42235	43719	44085	44413	45361	46803	46957	48548	48555	49258	49299	50228	50236	51935	51968	52139	52214	52235	52317	53868	54932	55990	56267	56791	57093	57096	57228	57417	57567	57685	57759	57857	58030	58081	58241	58574	58749	58757	59050	59648	59748	59999	60473	60504	60506	60765	60843	61223	61315	61399	61436	62967	65009	65456	65724	65734	66367	66405	67669	67926	67928
20001			3	1140	1472	52732	59139	60048	60771	64178	64258	65389	65958	72340	73529	73591	73838	77032	77379	77949	143474	144094	144667	145242	151879	155557	170498	186197	191094	201029	202090	204793	206649	210933	211746	215214	216789	221469	226630	279704	279821	279863	281270	281369	281412	281431	281631	281687	281729	333469	334619	370001	371122	371123	371124	371125	371126	371127	371128	371129	371130	371131	371133	371134	371177	371179	402270	402338	402348	402598	407709	417846	425208	430751	432731	433352	435269	438327	439283	453240	453668	453859	453875	453876	453902	453915	454053	454151	454152	454229	454349	454357	454369	454382	454387	454427	454429	456168	456214	456329	458067	458579	458581
propos			3	45	183	184	296	299	368	413	440	507	512	519	527	558	615	628	664	698	713	764	821	940	959	1064	1071	1140	1169	1189	1195	1203	1248	1267	1297	1303	1308	1340	1343	1446	1472	1652	1653	1747	1749	1816	1860	1885	1888	1953	1956	1965	1972	2002	2017	2079	2091	2098	2102	2103	2111	2115	2124	2131	2132	2152	2164	2168	2195	2210	2231	2315	2341	2344	2346	2347	2350	2363	2365	2410	2436	2482	2616	2617	2710	2712	2774	2817	2844	2910	2914	2921	2929	2959	2994	3018	3019	3099	3115	3119	3126	3134	3263	3374	3429	3448	3456	3494	3496	3507	3527	3579	3596	3631	3640	3643	3651	3658	3659	3663	3706	3716	3738	3747	3785	3814	3845	3867
local			3	53	302	357	368	421	483	634	635	639	650	652	674	675	708	711	734	761	762	772	779	788	790	791	821	823	845	847	859	861	865	872	879	883	886	911	922	926	949	975	993	1021	1140	1220	1303	1310	1338	1411	1416	1437	1441	1462	1472	1526	1753	1805	1816	1868	1928	2168	2281	2291	2369	2455	2490	2715	2763	2774	2825	2886	3115	3181	3343	3643	3652	3658	3659	3935	4123	4153	4184	4204	4232	4265	4287	4301	4315	4316	4324	4388	4395	4401	4408	4417	4435	4468	4514	4551	4588	4590	4620	4641	4648	4659	4711	4713	4724	4739	4748	4763	4764	4777	4786	4803	4813	4816	4832	4849	4962	5088	5193	5194	5207	5274	5302	5342
simpli			3	50	53	156	161	240	262	289	306	322	642	697	739	740	751	772	787	788	790	810	815	818	834	1017	1021	1024	1118	1127	1140	1327	1334	1367	1433	1471	1472	1485	1523	1526	1629	1725	1742	1757	1772	2320	2374	2389	2486	2490	2499	2543	2594	2654	2690	2705	2720	2732	3031	3053	3061	3167	3212	3426	3467	3643	3658	3659	3693	3697	3743	3787	3840	3888	3919	3935	4149	4188	4198	4228	4253	4265	4271	4275	4291	4338	4388	4395	4399	4416	4446	4514	4558	4588	4589	4590	4598	4603	4627	4631	4665	4673	4675	4676	4679	4700	4713	4724	4744	4748	4752	4762	4763	4765	4767	4776	4788	4796	4813	4814	4822	4833	4840	4845	4944	4973	5088	5093
20001214			3	1140
14			3	46	50	62	66	108	127	128	129	130	152	167	171	214	215	216	221	236	266	267	281	282	283	284	285	286	288	289	298	305	306	350	371	374	400	406	407	408	410	411	412	413	419	431	435	437	472	473	474	484	488	506	507	511	515	536	537	558	578	579	580	581	582	584	585	604	606	614	631	632	633	635	636	637	638	639	644	649	658	664	669	681	682	687	689	692	693	694	697	699	700	702	713	718	730	735	737	739	741	745	748	749	750	751	752	753	754	764	769	773	781	782	789	794	795	797	798	800	819	825	831	832	838	839	841	842
energi			3	4	53	105	125	158	236	244	246	248	255	282	286	296	297	299	356	387	403	507	511	529	536	548	558	600	628	629	645	660	678	699	709	713	718	742	743	764	775	819	821	857	877	887	966	977	1021	1064	1072	1077	1094	1098	1110	1111	1130	1140	1141	1169	1174	1181	1187	1200	1203	1276	1311	1340	1342	1343	1350	1355	1388	1399	1420	1435	1452	1472	1473	1493	1494	1508	1512	1526	1575	1592	1626	1703	1710	1711	1747	1748	1749	1796	1804	1849	1953	1955	1975	1981	1993	2002	2017	2027	2031	2099	2124	2128	2145	2168	2224	2246	2253	2255	2277	2293	2322	2327	2363	2364	2365	2424	2436	2437	2490	2539	2557	2591
measur			3	5	6	15	233	507	662	669	685	695	946	972	1060	1062	1112	1129	1140	1203	1472	1474	1491	1953	2029	2030	2112	2288	2439	2440	2910	3085	3087	3131	3147	3274	3631	3643	3658	3659	3726	3876	3935	3989	4102	4142	4143	4204	4212	4315	4333	4388	4455	4468	4479	4542	4546	4561	4563	4620	4641	4656	4748	4763	4769	4777	4816	5010	5088	5104	5162	5163	5193	5194	5207	5218	5363	5373	5390	5486	5498	5510	5511	5526	5663	6075	6134	6331	6332	6531	6545	6554	6697	6729	6897	6976	7611	7671	7866	7869	8053	8068	8078	8085	8169	8175	8311	8334	8355	8400	8605	8606	8613	8625	8629	8639	8657	8670	8779	8869	8888	8890	8916	9002	9015	9030	9038	9042
remain			3	4	10	18	19	148	180	286	507	619	635	642	643	646	660	673	674	677	679	697	731	739	751	755	789	815	902	973	1051	1052	1057	1068	1130	1140	1203	1319	1350	1375	1452	1471	1472	1473	1512	1616	1649	1929	1953	2035	2044	2046	2099	2246	2445	2452	2453	2581	2613	2910	3023	3085	3087	3111	3115	3117	3139	3168	3495	3612	3631	3643	3658	3659	3708	3860	3912	3919	3927	3935	3953	3957	3974	4101	4123	4175	4182	4184	4187	4230	4232	4253	4260	4265	4287	4290	4291	4301	4315	4316	4333	4343	4346	4347	4348	4378	4388	4395	4399	4417	4434	4468	4479	4495	4497	4514	4517	4519	4521	4535	4546	4550	4551	4553	4559	4563	4568	4595
